      1.0000       1.0000       0.0000       0.0000       1.0000      56.0000       5.0000      11.0000      49.0000      63.0000
      2.0000       1.0000       0.0000       0.0000       0.0000      66.0000       1.0000      17.0000      51.0000      53.0000
      3.0000       1.0000       0.0000       0.0000       0.0000      67.0000       6.0000      12.0000      61.0000      71.0000
      4.0000       0.0000       0.0000       0.0000       1.0000      50.0000       4.0000      15.0000      57.0000      53.0000
      5.0000       1.0000       0.0000       0.0000       0.0000      64.0000       6.0000      11.0000      47.0000      57.0000
      6.0000       0.0000       1.0000       0.0000       1.0000      60.0000       3.0000      23.0000      65.0000      55.0000
      7.0000       1.0000       1.0000       0.0000       0.0000      75.2132       3.0000      12.0000      54.0000      61.1204
      8.0000       1.0000       0.0000       0.0000       0.0000      67.0000       4.0000      25.0000      61.0000      74.0000
      9.0000       0.0000       1.0000       0.0000       1.0000      32.0000       3.0000      17.0000      47.0000      54.5083
     10.0000       0.0000       0.0000       0.0000       1.0000      42.0000       5.0000      39.0000      38.0000      37.0000
     11.0000       1.0000       1.0000       0.0000       1.0000      42.0000       3.0000      23.0000      50.0000      57.8749
     12.0000       0.0000       0.0000       0.0000       1.0000      54.0000       1.0000      19.0000      55.0000      67.0000
     13.0000       0.0000       1.0000       0.0000       1.0000      43.0000       3.0000      20.0000      59.0000      58.4284
     14.0000       1.0000       0.0000       0.0000       1.0000      51.0000       6.0000      26.0000      49.0000      57.0000
     15.0000       0.0000       0.0000       0.0000       1.0000      49.0000       2.0000      20.0000      47.0000      57.0000
     16.0000       1.0000       1.0000       0.0000       1.0000      58.0000       1.0000       7.0000      46.0000      55.1449
     17.0000       0.0000       0.0000       0.0000       0.0000      66.0000       6.0000       9.0000      47.0000      62.0000
     18.0000       0.0000       0.0000       0.0000       0.0000      64.0000       2.0000      18.0000      41.0000      53.0000
     19.0000       1.0000       1.0000       0.0000       0.0000      69.0000       6.0000      11.0000      55.0000      61.0000
     20.0000       0.0000       1.0000       1.0000       1.0000      50.0000       3.0000      26.0000      45.0000      53.0000
     21.0000       1.0000       1.0000       0.0000       1.0000      60.0000       5.0000      14.0000      61.0000      69.0000
     22.0000       1.0000       0.0000       0.0000       1.0000      50.0000       3.0000      13.0000      41.0000      55.0000
     23.0000       0.0000       0.0000       0.0000       1.0000      58.0000       4.0000      16.0000      61.0000      65.0000
     24.0000       1.0000       0.0000       0.0000       1.0000      57.0000       3.0000      32.0000      34.0000      43.0000
     25.0000       0.0000       1.0000       0.0000       1.0000      33.0000       1.0000      43.0000      33.0000      41.0000
     26.0000       1.0000       0.0000       0.0000       1.0000      57.0000       3.0000      19.0000      43.0000      57.0000
     27.0000       1.0000       1.0000       0.0000       1.0000      61.0000       1.0000      25.0000      51.0000      75.0000
     28.0000       0.0000       0.0000       0.0000       0.0000      69.0000       1.0000      24.0000      40.0000      53.0000
     29.0000       0.0000       0.0000       0.0000       1.0000      55.0000       2.0000      15.0000      46.0000      46.0000
     30.0000       0.0000       1.0000       0.0000       1.0000      54.0000       2.0000      23.0000      46.0000      46.0000
     31.0000       0.0000       0.0000       0.0000       1.0000      42.0000       5.0000      18.0000      41.0000      58.0000
     32.0000       1.0000       1.0000       0.0000       0.0000      66.0000       3.0000      16.0000      59.0000      74.0000
     33.0000       0.0000       0.0000       0.0000       1.0000      60.0000       3.0000      17.0000      55.0000      64.0000
     34.0000       0.0000       0.0000       0.0000       0.0000      69.0000       3.0000      19.0000      52.0000      71.0000
     35.0000       0.0000       0.0000       0.0000       1.0000      58.0000       3.0000       9.0000      47.0000      50.0000
     36.0000       0.0000       0.0000       0.0000       1.0000      60.0000       4.0000      16.0000      64.0000      61.0000
     37.0000       0.0000       0.0000       1.0000       1.0000      52.0000       6.0000      15.0000      53.0000      51.0000
     38.0000       1.0000       1.0000       0.0000       1.0000      55.0000       5.0000       3.2742      48.0000      58.0000
     39.0000       0.0000       1.0000       0.0000       1.0000      46.0000       1.0000      16.0000      45.0000      68.0000
     40.0000       1.0000       0.0000       0.0000       1.0000      62.0000       1.0000      34.0000      38.0000      45.0947
     41.0000       0.0000       0.0000       0.0000       0.0000      68.0000       6.0000      15.0000      57.0000      67.0000
     42.0000       1.0000       1.0000       0.0000       1.0000      55.0000       6.0000      28.0000      67.0000      75.0000
     43.0000       1.0000       0.0000       0.0000       1.0000      60.0000       5.0000      24.0000      62.0000      71.0000
     44.0000       0.0000       1.0000       0.0000       1.0000      61.0000       1.0000      20.0000      44.0000      60.0000
     45.0000       0.0000       1.0000       0.0000       1.0000      50.0000       4.0000       4.0000      54.0000      51.0000
     46.0000       1.0000       1.0000       0.0000       0.0000      62.0000       6.0000      10.0000      51.0000      62.0000
     47.0000       0.0000       1.0000       0.0000       1.0000      56.0000       5.0000       7.0000      46.0000      56.0000
     48.0000       1.0000       1.0000       0.0000       1.0000      48.0000       3.0000      12.0000      48.0000      44.0000
     49.0000       0.0000       1.0000       0.0000       1.0000      52.0000       2.0000      20.0000      53.0000      55.0000
     50.0000       0.0000       0.0000       0.0000       0.0000      62.0000       6.0000       9.0000      61.0000      66.0000
     51.0000       0.0000       0.0000       0.0000       1.0000      54.0000       2.0000      16.0000      45.0000      56.5230
     52.0000       1.0000       0.0000       0.0000       0.0000      66.0000       5.0000      12.0000      49.0000      71.0000
     53.0000       1.0000       1.0000       0.0000       1.0000      57.0000       6.0000      17.0000      59.0000      70.0000
     54.0000       0.0000       1.0000       0.0000       1.0000      32.0000       3.0000      44.0000      27.0000      40.0000
     55.0000       0.0000       1.0000       0.0000       1.0000      46.0000       1.0000      11.0000      48.0000      59.0000
     56.0000       0.0000       1.0000       0.0000       1.0000      43.0000       6.0000       8.0000      53.0000      57.0000
     57.0000       0.0000       1.0000       0.0000       1.0000      46.0000       4.0000      19.0000      60.0000      63.0000
     58.0000       1.0000       0.0000       0.0000       0.0000      70.3205       4.0000      22.0000      47.0000      62.0000
     59.0000       1.0000       0.0000       0.0000       1.0000      58.0000       6.0000      19.0000      59.0000      81.0000
     60.0000       1.0000       1.0000       0.0000       1.0000      57.0000       6.0000      12.0000      58.0000      68.0000
     61.0000       1.0000       0.0000       0.0000       1.0000      56.0000       3.0000      13.0000      49.0000      57.0000
     62.0000       1.0000       1.0000       0.0000       1.0000      57.0000       3.0000      17.0000      53.0000      69.0000
     63.0000       1.0000       1.0000       0.0000       1.0000      60.0000       2.0000      30.0000      61.0000      81.0000
     64.0000       0.0000       0.0000       0.0000       1.0000      48.0000       2.0000      26.0000      51.0000      48.0000
     65.0000       0.0000       0.0000       0.0000       1.0000      44.0000       1.0000      25.0000      39.0000      58.3366
     66.0000       0.0000       1.0000       0.0000       1.0000      58.0000       1.0000      14.0000      44.0000      49.0000
     67.0000       0.0000       0.0000       0.0000       0.0000      66.0000       4.0000      10.0000      56.0000      65.0000
     68.0000       0.0000       0.0000       0.0000       1.0000      57.0000       1.0000      21.0000      53.0000      68.0000
     69.0000       0.0000       1.0000       0.0000       1.0000      60.0000       2.0000      17.0000      51.0000      67.0000
     70.0000       1.0000       0.0000       0.0000       0.0000      67.0000       4.0000       8.0000      60.0000      63.0000
     71.0000       1.0000       1.0000       0.0000       1.0000      49.5528       3.0000      17.0000      60.0000      62.0000
     72.0000       0.0000       0.0000       0.0000       1.0000      45.0000       6.0000      12.0000      68.0000      62.0000
     73.0000       0.0000       0.0000       0.0000       0.0000      63.0000       6.0000       7.0000      60.0000      66.0000
     74.0000       0.0000       0.0000       0.0000       0.0000      68.0000       3.0000      21.0000      53.0000      65.0000
     75.0000       1.0000       1.0000       0.0000       0.0000      62.0000       3.0000      17.0000      56.0000      63.0000
     76.0000       0.0000       1.0000       0.0000       1.0000      61.1032       2.0000      34.0000      29.0000      52.0000
     77.0000       0.0000       0.0000       0.0000       0.0000      62.0000       4.0000       8.0000      44.0000      64.0000
     78.0000       0.0000       0.0000       0.0000       0.0000      60.0000       4.0000      16.0000      45.0000      59.0000
     79.0000       0.0000       0.0000       0.0000       1.0000      37.0000       3.0000      20.0000      55.0000      60.6338
     80.0000       0.0000       1.0000       0.0000       1.0000      55.0000       2.0000      18.0000      49.0000      58.0000
     81.0000       0.0000       1.0000       0.0000       1.0000      58.0000       4.0000      13.0000      54.0000      60.0000
     82.0000       0.0000       0.0000       0.0000       1.0000      37.0370       6.0000      30.0000      50.0000      48.6541
     83.0000       0.0000       0.0000       0.0000       0.0000      62.0000       3.0000      22.0000      49.0000      63.0000
     84.0000       0.0000       1.0000       0.0000       1.0000      50.0000       4.0000       4.0000      62.0000      51.0000
     85.0000       0.0000       0.0000       0.0000       1.0000      38.0000       5.0000      16.0000      62.0000      62.0000
     86.0000       0.0000       0.0000       0.0000       1.0000      54.0000       2.0000      13.0000      48.0000      56.0000
     87.0000       1.0000       0.0000       0.0000       0.0000      56.0000       3.0000      31.0000      39.0000      40.0000
     88.0000       0.0000       1.0000       0.0000       1.0000      58.6522       3.0000      16.0000      55.0000      58.0000
     89.0000       1.0000       1.0000       0.0000       1.0000      45.0000       2.0000      20.0000      57.0000      60.0000
     90.0000       0.0000       1.0000       0.0000       1.0000      58.0000       1.0000      22.0000      52.0000      56.0000
     91.0000       0.0000       1.0000       0.0000       1.0000      45.0000       6.0000      15.0000      56.0000      73.0000
     92.0000       0.0000       1.0000       0.0000       1.0000      55.0000       1.0000      13.0000      54.0000      53.0000
     93.0000       1.0000       0.0000       0.0000       1.0000      46.0000       4.0000      18.0000      49.0000      61.0000
     94.0000       1.0000       0.0000       0.0000       1.0000      54.0000       5.0000      12.0000      46.0000      57.0000
     95.0000       1.0000       0.0000       0.0000       1.0000      39.5663       2.0000      17.0707      46.0000      53.0000
     96.0000       0.0000       1.0000       0.0000       1.0000      58.0000       2.0000      16.0000      55.0000      62.0000
     97.0000       0.0000       0.0000       0.0000       0.0000      62.0000       5.0000      21.0000      49.0000      62.0000
     98.0000       1.0000       0.0000       0.0000       0.0000      62.0000       3.0000      17.0000      52.0000      51.0000
     99.0000       0.0000       0.0000       0.0000       1.0000      39.0000       1.0000      40.0000      35.0000      44.0000
    100.0000       0.0000       0.0000       0.0000       1.0000      39.0000       4.0000      18.0000      57.0000      60.0000
    101.0000       1.0000       0.0000       0.0000       0.0000      68.0000       5.0000      27.0000      68.0000      72.0000
    102.0000       0.0000       1.0000       0.0000       1.0000      46.0000       3.0000      20.0000      42.0000      55.0000
    103.0000       0.0000       1.0000       0.0000       0.0000      60.0000       3.0000      15.0000      48.0000      47.0000
    104.0000       0.0000       0.0000       0.0000       0.0000      69.0000       2.0000      18.0000      49.0000      73.0000
    105.0000       1.0000       0.0000       0.0000       0.0000      68.0000       6.0000       3.2753      63.0000      78.0000
    106.0000       1.0000       1.0000       0.0000       0.0000      66.0000       5.0000      16.0000      49.0000      56.0000
    107.0000       1.0000       0.0000       0.0000       1.0000      60.0000       1.0000      26.0000      48.0000      47.0000
    108.0000       1.0000       1.0000       0.0000       1.0000      31.0000       2.0000      14.0000      51.0000      51.0000
    109.0000       1.0000       1.0000       0.0000       1.0000      54.0000       5.0000      18.0000      55.0000      66.0000
    110.0000       1.0000       1.0000       0.0000       0.0000      67.0000       4.0000      22.0000      62.0000      74.0000
    111.0000       0.0000       1.0000       0.0000       0.0000      67.0000       6.0000      13.0000      60.0000      67.0000
    112.0000       1.0000       0.0000       0.0000       0.0000      63.0000       4.0000       0.0000      50.0000      55.0000
    113.0000       0.0000       0.0000       0.0000       1.0000      54.0000       1.0000      12.0000      61.0000      63.0000
    114.0000       1.0000       1.0000       0.0000       0.0000      67.0000       3.0000      22.0000      52.0000      64.0000
    115.0000       1.0000       1.0000       0.0000       0.0000      63.0000       1.0000      17.0000      45.0000      49.0000
    116.0000       0.0000       0.0000       0.0000       0.0000      67.0000       6.0000      17.0000      56.0000      60.0000
    117.0000       1.0000       1.0000       0.0000       1.0000      38.0000       3.0000      17.0000      46.0000      55.0000
    118.0000       1.0000       0.0000       0.0000       1.0000      36.0000       2.0000      21.0000      39.0000      52.0000
    119.0000       0.0000       1.0000       0.0000       0.0000      69.0000       4.0000      23.0000      63.0000      66.0000
    120.0000       1.0000       1.0000       0.0000       1.0000      54.0000       2.0000      24.0000      43.0000      60.0000
    121.0000       0.0000       0.0000       0.0000       0.0000      56.0000       3.0000      31.0000      34.0000      38.0000
    122.0000       1.0000       1.0000       0.0000       1.0000      32.0000       3.0000      15.9374      32.0000      49.6684
    123.0000       1.0000       1.0000       0.0000       0.0000      69.0000       4.0000      13.0000      57.0000      55.0000
    124.0000       1.0000       0.0000       0.0000       0.0000      62.0000       6.0000      23.0000      60.0000      85.0000
    125.0000       1.0000       0.0000       0.0000       1.0000      51.0000       4.0000      18.0000      66.0000      69.8680
    126.0000       0.0000       1.0000       0.0000       1.0000      62.0000       1.0000      15.0000      49.0000      59.0000
    127.0000       1.0000       1.0000       0.0000       1.0000      54.0000       1.0000       5.0000      46.0000      58.0000
    128.0000       0.0000       1.0000       0.0000       1.0000      51.0000       2.0000      14.0000      41.0000      45.0000
    129.0000       1.0000       1.0000       0.0000       1.0000      40.0000       3.0000      20.0000      66.0000      58.0000
    130.0000       0.0000       0.0000       0.0000       1.0000      39.0000       4.0000      31.0000      44.0000      42.0000
    131.0000       0.0000       1.0000       0.0000       1.0000      50.0000       1.0000      30.0000      37.0000      50.0000
    132.0000       1.0000       1.0000       0.0000       0.0000      63.0000       4.0000      29.0000      63.0000      71.0000
    133.0000       0.0000       0.0000       0.0000       0.0000      61.0000       1.0000      25.0000      34.0000      56.0000
    134.0000       1.0000       1.0000       0.0000       1.0000      60.0000       6.0000      15.0000      44.0000      58.0000
    135.0000       0.0000       0.0000       0.0000       1.0000      54.0000       2.0000      26.0000      45.0000      51.0000
    136.0000       0.0000       1.0000       0.0000       1.0000      47.1936       5.0000      21.0000      60.0000      61.0000
    137.0000       1.0000       0.0000       0.0000       0.0000      64.0000       4.0000      10.0000      63.0000      71.0000
    138.0000       1.0000       1.0000       0.0000       1.0000      56.0000       5.0000      15.0000      52.0000      65.0000
    139.0000       1.0000       0.0000       0.0000       1.0000      54.0000       6.0000      26.0000      40.0000      44.0000
    140.0000       1.0000       1.0000       1.0000       1.0000      57.0000       6.0000      11.0000      48.0000      58.0000
    141.0000       1.0000       1.0000       0.0000       0.0000      61.0000       4.0000      11.0000      57.0000      54.0000
    142.0000       0.0000       0.0000       0.0000       1.0000      51.0000       4.0000      11.0000      59.0000      64.0000
    143.0000       1.0000       1.0000       0.0000       1.0000      55.0000       1.0000      12.0000      59.0000      72.0000
    144.0000       0.0000       1.0000       0.0000       0.0000      63.0000       4.0000      18.0000      34.0000      54.0000
    145.0000       1.0000       0.0000       0.0000       1.0000      58.0000       5.0000      15.0000      41.0000      48.3165
    146.0000       1.0000       0.0000       0.0000       0.0000      66.0000       4.0000       7.0000      62.0000      65.0000
    147.0000       1.0000       0.0000       1.0000       1.0000      51.0000       2.0000      18.0000      56.0000      71.9784
    148.0000       1.0000       1.0000       1.0000       1.0000      45.0000       2.0000      19.0000      44.0000      57.0628
    149.0000       1.0000       0.0000       1.0000       1.0000      39.2349       1.0000      19.0000      55.0000      45.0000
    150.0000       0.0000       1.0000       1.0000       1.0000      42.0000       2.0000      13.0000      55.0000      59.1414
    151.0000       0.0000       0.0000       1.0000       0.0000      66.0000       4.0000       8.0000      62.0000      57.0000
    152.0000       1.0000       0.0000       1.0000       1.0000      54.0000       4.0000      26.0000      63.0000      58.0000
    153.0000       0.0000       0.0000       0.0000       1.0000      55.0000       3.0000      24.6848      40.0000      62.0000
    154.0000       0.0000       1.0000       1.0000       1.0000      60.0000       1.0000      13.0000      56.0000      48.0000
    155.0000       1.0000       1.0000       1.0000       1.0000      31.0000       5.0000      34.0000      26.0000      43.0000
    156.0000       0.0000       1.0000       1.0000       1.0000      50.3877       3.0000      17.0000      42.0000      46.0000
    157.0000       1.0000       1.0000       1.0000       0.0000      63.0000       5.0000      28.4823      43.0000      42.0000
    158.0000       0.0000       1.0000       1.0000       1.0000      58.0000       3.0000      15.0000      56.0000      51.0000
    159.0000       0.0000       1.0000       1.0000       0.0000      64.0000       4.0000      18.0000      53.0000      47.0000
    160.0000       0.0000       0.0000       1.0000       1.0000      27.0000       3.0000      24.0000      47.0000      37.6382
    161.0000       1.0000       0.0000       1.0000       1.0000      43.0000       4.0000      18.7400      53.0000      53.0000
    162.0000       0.0000       0.0000       1.0000       1.0000      31.0000       6.0000      22.0000      53.0000      48.0000
    163.0000       0.0000       0.0000       1.0000       1.0000      50.0000       2.0000      16.0910      55.0000      54.0000
    164.0000       0.0000       1.0000       1.0000       0.0000      61.7583       3.0000      13.0000      51.0000      53.0000
    165.0000       1.0000       1.0000       0.0000       1.0000      57.0000       1.0000      14.0000      43.0000      57.0000
    166.0000       1.0000       1.0000       1.0000       1.0000      36.0000       5.0000      27.0000      31.0000      32.8524
    167.0000       1.0000       1.0000       1.0000       1.0000      44.4009       1.0000      25.0000      54.0000      44.0000
    168.0000       0.0000       1.0000       1.0000       1.0000      50.0000       3.0000      20.0000      44.0000      45.0000
    169.0000       1.0000       0.0000       1.0000       0.0000      51.9976       6.0000       2.0000      57.0000      55.0000
    170.0000       1.0000       0.0000       1.0000       1.0000      43.0000       4.0000      22.0000      54.0000      59.0000
    171.0000       1.0000       1.0000       1.0000       1.0000      38.0000       2.0000      42.0000      37.0000      47.4305
    172.0000       0.0000       0.0000       1.0000       1.0000      55.0000       4.0000      17.7264      57.0000      63.0000
    173.0000       0.0000       0.0000       1.0000       1.0000      46.0000       5.0000      14.0000      48.0000      64.6964
    174.0000       0.0000       1.0000       1.0000       1.0000      32.0000       1.0000      18.0000      46.0000      59.0000
    175.0000       0.0000       0.0000       1.0000       1.0000      40.5273       1.0000      30.0000      34.0000      52.0000
    176.0000       1.0000       1.0000       1.0000       1.0000      41.0549       3.0000      22.0017      37.0000      52.0000
    177.0000       0.0000       1.0000       1.0000       1.0000      45.0000       1.0000      22.4116      36.0000      55.4639
    178.0000       0.0000       1.0000       1.0000       1.0000      46.0000       5.0000       4.0000      59.0000      52.9499
    179.0000       1.0000       0.0000       1.0000       1.0000      61.0000       3.0000      17.0000      38.0000      61.0437
    180.0000       0.0000       0.0000       1.0000       1.0000      57.0000       3.0000      11.6773      58.0000      70.0000
    181.0000       1.0000       1.0000       1.0000       1.0000      45.0000       5.0000      19.0000      44.0000      58.0000
    182.0000       0.0000       0.0000       1.0000       1.0000      54.0000       2.0000      18.0000      35.0000      54.0000
    183.0000       0.0000       0.0000       1.0000       1.0000      52.0000       5.0000       9.0000      44.0000      63.4665
    184.0000       1.0000       1.0000       1.0000       1.0000      49.2776       3.0000      20.0000      47.0000      63.0000
    185.0000       1.0000       1.0000       1.0000       1.0000      38.0000       4.0000       9.0000      64.0000      50.0000
    186.0000       1.0000       0.0000       1.0000       1.0000      61.0000       3.0000      12.0000      40.0000      58.0000
    187.0000       1.0000       1.0000       1.0000       1.0000      45.2470       6.0000      23.0000      55.0000      56.1720
    188.0000       0.0000       1.0000       1.0000       1.0000      37.0000       4.0000      22.2629      53.0000      47.0000
    189.0000       1.0000       0.0000       1.0000       0.0000      64.0000       6.0000      13.0000      59.0000      61.0000
    190.0000       1.0000       0.0000       1.0000       1.0000      28.0000       3.0000      17.0000      40.0000      45.9465
    191.0000       0.0000       1.0000       1.0000       1.0000      38.0000       2.0000       5.0000      63.0000      53.0000
    192.0000       0.0000       0.0000       1.0000       1.0000      39.0000       4.0000      25.0000      44.0000      46.0000
    193.0000       0.0000       1.0000       1.0000       1.0000      34.0000       1.0000      27.0000      46.0000      42.0000
    194.0000       1.0000       1.0000       1.0000       1.0000      40.0966       2.0000      19.0000      62.0000      57.0000
    195.0000       1.0000       0.0000       1.0000       1.0000      54.0000       4.0000      14.0000      57.0000      58.0000
    196.0000       0.0000       0.0000       1.0000       1.0000      40.0000       3.0000      32.0000      45.0000      37.0000
    197.0000       0.0000       1.0000       1.0000       1.0000      42.0000       5.0000      28.0000      43.0000      41.0000
    198.0000       0.0000       1.0000       1.0000       1.0000      33.0000       3.0000      22.0000      47.0000      52.0000
    199.0000       1.0000       0.0000       1.0000       1.0000      48.0000       5.0000      26.4120      41.0000      60.0000
    200.0000       1.0000       0.0000       1.0000       1.0000      52.0000       2.0000      20.0000      45.0000      56.0000
    201.0000       0.0000       0.0000       1.0000       1.0000      33.0000       2.0000      16.0000      57.0000      55.0000
    202.0000       0.0000       1.0000       1.0000       1.0000      61.7674       5.0000      13.0000      56.0000      55.0000
    203.0000       1.0000       1.0000       1.0000       1.0000      55.8044       6.0000      14.0000      51.0000      55.0000
    204.0000       0.0000       1.0000       1.0000       1.0000      28.0000       4.0000       7.0000      52.0000      46.1225
    205.0000       1.0000       0.0000       1.0000       1.0000      56.0000       3.0000      16.0000      76.0000      52.0000
    206.0000       1.0000       1.0000       1.0000       1.0000      57.0000       3.0000      11.0000      52.0000      64.7643
    207.0000       0.0000       1.0000       1.0000       1.0000      40.0000       3.0000      23.0000      42.0000      48.3507
    208.0000       1.0000       1.0000       1.0000       1.0000      47.2392       3.0000      16.0000      51.0000      61.0000
    209.0000       1.0000       1.0000       1.0000       1.0000      36.0000       1.0000      22.6546      45.0000      48.0000
    210.0000       0.0000       1.0000       1.0000       1.0000      49.0000       3.0000      24.0000      56.0000      54.0000
    211.0000       0.0000       1.0000       1.0000       1.0000      33.0000       1.0000      18.0000      44.0000      53.6465
    212.0000       0.0000       1.0000       1.0000       1.0000      58.0000       5.0000      12.3868      46.0000      65.0000
    213.0000       1.0000       1.0000       1.0000       1.0000      57.0000       2.0000      12.0000      54.0000      70.5944
    214.0000       0.0000       0.0000       1.0000       0.0000      63.0000       6.0000      28.0000      60.0000      66.0000
    215.0000       1.0000       0.0000       1.0000       1.0000      40.0000       4.0000       8.2132      36.0000      44.0679
    216.0000       0.0000       1.0000       1.0000       1.0000      43.0000       2.0000      15.0000      49.0000      53.0000
    217.0000       1.0000       1.0000       1.0000       1.0000      51.2016       6.0000      15.0000      55.0000      71.0000
    218.0000       0.0000       1.0000       1.0000       0.0000      58.0000       2.0000      20.0000      47.0000      38.0000
    219.0000       1.0000       0.0000       1.0000       1.0000      60.0000       1.0000      16.6831      45.0000      51.0000
    220.0000       0.0000       1.0000       1.0000       1.0000      50.0000       6.0000      13.5375      42.0000      44.1510
    221.0000       1.0000       1.0000       1.0000       1.0000      60.0000       6.0000      16.0000      49.0000      61.0000
    222.0000       1.0000       1.0000       1.0000       1.0000      45.0000       2.0000      22.0000      43.0000      60.3342
    223.0000       0.0000       1.0000       1.0000       0.0000      66.0000       4.0000      22.0000      47.0000      47.0000
    224.0000       0.0000       1.0000       1.0000       1.0000      42.0000       6.0000      12.0000      53.0000      63.4785
    225.0000       1.0000       0.0000       1.0000       1.0000      56.0000       3.0000      20.0000      59.0000      64.0000
    226.0000       1.0000       1.0000       1.0000       0.0000      61.0000       5.0000      11.0000      51.0000      50.0000
    227.0000       0.0000       1.0000       1.0000       1.0000      52.0000       5.0000      12.0000      55.0000      57.2141
    228.0000       1.0000       0.0000       1.0000       1.0000      37.0000       4.0000      12.0000      48.0000      56.4690
    229.0000       1.0000       1.0000       1.0000       1.0000      40.0000       3.0000      25.0000      43.0000      37.0000
    230.0000       0.0000       1.0000       1.0000       0.0000      62.0000       4.0000       7.0000      48.0000      55.0000
    231.0000       0.0000       1.0000       0.0000       1.0000      32.2355       3.0000      31.0000      36.0000      45.0000
    232.0000       0.0000       0.0000       1.0000       1.0000      42.0000       2.0000      29.0000      50.0000      41.6976
    233.0000       0.0000       0.0000       1.0000       1.0000      43.0000       2.0000      21.0000      53.0000      43.1436
    234.0000       0.0000       1.0000       1.0000       1.0000      48.0000       3.0000      19.0000      53.0000      44.3455
    235.0000       1.0000       0.0000       1.0000       1.0000      28.0000       2.0000      29.0000      30.0000      37.7946
    236.0000       1.0000       1.0000       1.0000       1.0000      42.0000       1.0000      20.0000      62.0000      63.4532
    237.0000       0.0000       0.0000       0.0000       1.0000      49.0000       2.0000      23.0000      36.0000      58.0000
    238.0000       0.0000       1.0000       1.0000       1.0000      34.0000       4.0000      13.0000      46.0000      53.0000
    239.0000       0.0000       0.0000       1.0000       1.0000      49.0000       5.0000      12.5602      46.0000      53.0000
    240.0000       0.0000       0.0000       1.0000       1.0000      50.0000       1.0000      21.6063      37.0000      49.0000
    241.0000       1.0000       0.0000       1.0000       1.0000      60.0000       6.0000      16.0000      45.0000      53.0000
    242.0000       0.0000       0.0000       1.0000       1.0000      57.0000       3.0000      17.0000      45.0000      60.0000
    243.0000       1.0000       0.0000       1.0000       1.0000      58.0000       2.0000      22.0000      60.0000      75.0000
    244.0000       0.0000       0.0000       1.0000       0.0000      66.0000       6.0000      13.0000      49.0000      67.6167
    245.0000       1.0000       0.0000       1.0000       1.0000      58.0000       4.0000       9.0000      51.0000      71.0000
    246.0000       0.0000       1.0000       1.0000       1.0000      57.0000       1.0000      16.0000      50.0000      45.8325
    247.0000       0.0000       0.0000       1.0000       1.0000      46.0000       4.0000      27.0000      43.0000      54.0000
    248.0000       0.0000       0.0000       0.0000       1.0000      34.0000       5.0000      13.0000      61.0000      61.0000
    249.0000       1.0000       1.0000       1.0000       1.0000      56.0000       4.0000      18.0000      50.0000      51.0000
    250.0000       0.0000       0.0000       1.0000       1.0000      30.0000       3.0000      13.0000      56.0000      51.4562
