      1.0000       1.0000       0.0000       0.0000       1.0000      56.0000       5.0000      11.0000      49.0000      63.0000
      2.0000       1.0000       0.0000       0.0000       0.0000      66.0000       1.0000      17.0000      51.0000      53.0000
      3.0000       1.0000       0.0000       0.0000       0.0000      67.0000       6.0000      12.0000      61.0000      71.0000
      4.0000       0.0000       0.0000       0.0000       1.0000      50.0000       4.0000      15.0000      57.0000      53.0000
      5.0000       1.0000       0.0000       0.0000       0.0000      64.0000       6.0000      11.0000      47.0000      57.0000
      6.0000       0.0000       1.0000       1.0000       1.0000      60.0000       3.0000      23.0000      65.0000      55.0000
      7.0000       1.0000       1.0000       0.0000       0.0000      57.8324       3.0000      12.0000      54.0000      51.9613
      8.0000       1.0000       0.0000       0.0000       0.0000      67.0000       4.0000      25.0000      61.0000      74.0000
      9.0000       0.0000       1.0000       0.0000       1.0000      32.0000       3.0000      17.0000      47.0000      50.7302
     10.0000       0.0000       0.0000       0.0000       1.0000      42.0000       5.0000      39.0000      38.0000      37.0000
     11.0000       1.0000       1.0000       0.0000       1.0000      42.0000       3.0000      23.0000      50.0000      69.8480
     12.0000       0.0000       0.0000       0.0000       1.0000      54.0000       1.0000      19.0000      55.0000      67.0000
     13.0000       0.0000       1.0000       0.0000       1.0000      43.0000       3.0000      20.0000      59.0000      65.5923
     14.0000       1.0000       0.0000       0.0000       1.0000      51.0000       4.0000      26.0000      49.0000      57.0000
     15.0000       0.0000       0.0000       0.0000       1.0000      49.0000       2.0000      20.0000      47.0000      57.0000
     16.0000       1.0000       1.0000       0.0000       1.0000      58.0000       3.0000       7.0000      46.0000      56.6223
     17.0000       0.0000       0.0000       0.0000       0.0000      66.0000       6.0000       9.0000      47.0000      62.0000
     18.0000       0.0000       0.0000       0.0000       0.0000      64.0000       2.0000      18.0000      41.0000      53.0000
     19.0000       1.0000       1.0000       0.0000       0.0000      69.0000       6.0000      11.0000      55.0000      61.0000
     20.0000       0.0000       1.0000       0.0000       1.0000      50.0000       3.0000      26.0000      45.0000      53.0000
     21.0000       1.0000       1.0000       0.0000       1.0000      60.0000       5.0000      14.0000      61.0000      69.0000
     22.0000       1.0000       0.0000       0.0000       1.0000      50.0000       3.0000      13.0000      41.0000      55.0000
     23.0000       0.0000       0.0000       0.0000       1.0000      58.0000       4.0000      16.0000      61.0000      65.0000
     24.0000       1.0000       0.0000       0.0000       1.0000      57.0000       2.0000      32.0000      34.0000      43.0000
     25.0000       0.0000       1.0000       0.0000       1.0000      33.0000       1.0000      43.0000      33.0000      41.0000
     26.0000       1.0000       0.0000       0.0000       1.0000      57.0000       3.0000      19.0000      43.0000      57.0000
     27.0000       1.0000       1.0000       0.0000       1.0000      61.0000       1.0000      25.0000      51.0000      75.0000
     28.0000       0.0000       0.0000       0.0000       0.0000      69.0000       1.0000      24.0000      40.0000      53.0000
     29.0000       0.0000       0.0000       0.0000       1.0000      55.0000       2.0000      15.0000      46.0000      46.0000
     30.0000       0.0000       1.0000       0.0000       1.0000      54.0000       2.0000      23.0000      46.0000      46.0000
     31.0000       0.0000       0.0000       0.0000       1.0000      42.0000       5.0000      18.0000      41.0000      58.0000
     32.0000       1.0000       1.0000       0.0000       0.0000      66.0000       3.0000      16.0000      59.0000      74.0000
     33.0000       0.0000       0.0000       0.0000       1.0000      60.0000       3.0000      17.0000      55.0000      64.0000
     34.0000       0.0000       0.0000       0.0000       0.0000      69.0000       3.0000      19.0000      52.0000      71.0000
     35.0000       0.0000       0.0000       0.0000       1.0000      58.0000       3.0000       9.0000      47.0000      50.0000
     36.0000       0.0000       0.0000       0.0000       1.0000      60.0000       4.0000      16.0000      64.0000      61.0000
     37.0000       0.0000       0.0000       1.0000       1.0000      52.0000       4.0000      15.0000      53.0000      51.0000
     38.0000       1.0000       1.0000       0.0000       1.0000      55.0000       5.0000      25.0324      48.0000      58.0000
     39.0000       0.0000       1.0000       0.0000       1.0000      46.0000       1.0000      16.0000      45.0000      68.0000
     40.0000       1.0000       0.0000       0.0000       1.0000      62.0000       1.0000      34.0000      38.0000      46.0652
     41.0000       0.0000       0.0000       0.0000       0.0000      68.0000       6.0000      15.0000      57.0000      67.0000
     42.0000       1.0000       1.0000       0.0000       1.0000      55.0000       6.0000      28.0000      67.0000      75.0000
     43.0000       1.0000       0.0000       0.0000       1.0000      60.0000       5.0000      24.0000      62.0000      71.0000
     44.0000       0.0000       1.0000       0.0000       1.0000      61.0000       2.0000      20.0000      44.0000      60.0000
     45.0000       0.0000       1.0000       0.0000       1.0000      50.0000       4.0000       4.0000      54.0000      51.0000
     46.0000       1.0000       1.0000       0.0000       0.0000      62.0000       6.0000      10.0000      51.0000      62.0000
     47.0000       0.0000       1.0000       0.0000       1.0000      56.0000       5.0000       7.0000      46.0000      56.0000
     48.0000       1.0000       1.0000       0.0000       1.0000      48.0000       1.0000      12.0000      48.0000      44.0000
     49.0000       0.0000       1.0000       0.0000       1.0000      52.0000       2.0000      20.0000      53.0000      55.0000
     50.0000       0.0000       0.0000       0.0000       0.0000      62.0000       6.0000       9.0000      61.0000      66.0000
     51.0000       0.0000       0.0000       0.0000       1.0000      54.0000       2.0000      16.0000      45.0000      55.7792
     52.0000       1.0000       0.0000       0.0000       0.0000      66.0000       5.0000      12.0000      49.0000      71.0000
     53.0000       1.0000       1.0000       0.0000       1.0000      57.0000       6.0000      17.0000      59.0000      70.0000
     54.0000       0.0000       1.0000       0.0000       1.0000      32.0000       3.0000      44.0000      27.0000      40.0000
     55.0000       0.0000       1.0000       0.0000       1.0000      46.0000       1.0000      11.0000      48.0000      59.0000
     56.0000       0.0000       1.0000       0.0000       1.0000      43.0000       6.0000       8.0000      53.0000      57.0000
     57.0000       0.0000       1.0000       0.0000       1.0000      46.0000       4.0000      19.0000      60.0000      63.0000
     58.0000       1.0000       0.0000       0.0000       0.0000      66.4224       4.0000      22.0000      47.0000      62.0000
     59.0000       1.0000       0.0000       0.0000       1.0000      58.0000       6.0000      19.0000      59.0000      81.0000
     60.0000       1.0000       1.0000       0.0000       1.0000      57.0000       6.0000      12.0000      58.0000      68.0000
     61.0000       1.0000       0.0000       0.0000       1.0000      56.0000       3.0000      13.0000      49.0000      57.0000
     62.0000       1.0000       1.0000       0.0000       1.0000      57.0000       3.0000      17.0000      53.0000      69.0000
     63.0000       1.0000       1.0000       0.0000       1.0000      60.0000       2.0000      30.0000      61.0000      81.0000
     64.0000       0.0000       0.0000       0.0000       1.0000      48.0000       2.0000      26.0000      51.0000      48.0000
     65.0000       0.0000       0.0000       0.0000       1.0000      44.0000       1.0000      25.0000      39.0000      58.3044
     66.0000       0.0000       1.0000       0.0000       1.0000      58.0000       1.0000      14.0000      44.0000      49.0000
     67.0000       0.0000       0.0000       0.0000       0.0000      66.0000       4.0000      10.0000      56.0000      65.0000
     68.0000       0.0000       0.0000       0.0000       1.0000      57.0000       1.0000      21.0000      53.0000      68.0000
     69.0000       0.0000       1.0000       0.0000       1.0000      60.0000       2.0000      17.0000      51.0000      67.0000
     70.0000       1.0000       0.0000       0.0000       0.0000      67.0000       4.0000       8.0000      60.0000      63.0000
     71.0000       1.0000       1.0000       0.0000       1.0000      60.3290       3.0000      17.0000      60.0000      62.0000
     72.0000       0.0000       0.0000       0.0000       1.0000      45.0000       6.0000      12.0000      68.0000      62.0000
     73.0000       0.0000       0.0000       0.0000       0.0000      63.0000       6.0000       7.0000      60.0000      66.0000
     74.0000       0.0000       0.0000       0.0000       0.0000      68.0000       3.0000      21.0000      53.0000      65.0000
     75.0000       1.0000       1.0000       0.0000       0.0000      62.0000       3.0000      17.0000      56.0000      63.0000
     76.0000       0.0000       1.0000       0.0000       1.0000      59.4018       2.0000      34.0000      29.0000      52.0000
     77.0000       0.0000       0.0000       0.0000       0.0000      62.0000       4.0000       8.0000      44.0000      64.0000
     78.0000       0.0000       0.0000       0.0000       0.0000      60.0000       4.0000      16.0000      45.0000      59.0000
     79.0000       0.0000       0.0000       0.0000       1.0000      37.0000       3.0000      20.0000      55.0000      50.0858
     80.0000       0.0000       1.0000       0.0000       1.0000      55.0000       2.0000      18.0000      49.0000      58.0000
     81.0000       0.0000       1.0000       0.0000       1.0000      58.0000       4.0000      13.0000      54.0000      60.0000
     82.0000       0.0000       0.0000       0.0000       1.0000      49.4465       6.0000      30.0000      50.0000      64.0408
     83.0000       0.0000       0.0000       0.0000       0.0000      62.0000       3.0000      22.0000      49.0000      63.0000
     84.0000       0.0000       1.0000       0.0000       1.0000      50.0000       4.0000       4.0000      62.0000      51.0000
     85.0000       0.0000       0.0000       0.0000       1.0000      38.0000       5.0000      16.0000      62.0000      62.0000
     86.0000       0.0000       0.0000       0.0000       1.0000      54.0000       2.0000      13.0000      48.0000      56.0000
     87.0000       1.0000       0.0000       0.0000       1.0000      56.0000       1.0000      31.0000      39.0000      40.0000
     88.0000       0.0000       1.0000       0.0000       1.0000      52.6739       3.0000      16.0000      55.0000      58.0000
     89.0000       1.0000       1.0000       0.0000       1.0000      45.0000       1.0000      20.0000      57.0000      60.0000
     90.0000       0.0000       1.0000       0.0000       1.0000      58.0000       1.0000      22.0000      52.0000      56.0000
     91.0000       0.0000       1.0000       0.0000       1.0000      45.0000       6.0000      15.0000      56.0000      73.0000
     92.0000       0.0000       1.0000       0.0000       1.0000      55.0000       1.0000      13.0000      54.0000      53.0000
     93.0000       1.0000       0.0000       0.0000       1.0000      46.0000       4.0000      18.0000      49.0000      61.0000
     94.0000       1.0000       0.0000       0.0000       1.0000      54.0000       5.0000      12.0000      46.0000      57.0000
     95.0000       1.0000       0.0000       0.0000       1.0000      48.1416       2.0000      23.3786      46.0000      53.0000
     96.0000       0.0000       1.0000       0.0000       1.0000      58.0000       2.0000      16.0000      55.0000      62.0000
     97.0000       0.0000       0.0000       0.0000       0.0000      62.0000       5.0000      21.0000      49.0000      62.0000
     98.0000       1.0000       0.0000       0.0000       0.0000      62.0000       3.0000      17.0000      52.0000      51.0000
     99.0000       0.0000       0.0000       0.0000       1.0000      39.0000       1.0000      40.0000      35.0000      44.0000
    100.0000       0.0000       0.0000       0.0000       1.0000      39.0000       4.0000      18.0000      57.0000      60.0000
    101.0000       1.0000       0.0000       0.0000       0.0000      68.0000       5.0000      27.0000      68.0000      72.0000
    102.0000       0.0000       1.0000       0.0000       1.0000      46.0000       3.0000      20.0000      42.0000      55.0000
    103.0000       0.0000       1.0000       0.0000       0.0000      60.0000       3.0000      15.0000      48.0000      47.0000
    104.0000       0.0000       0.0000       0.0000       0.0000      69.0000       2.0000      18.0000      49.0000      73.0000
    105.0000       1.0000       0.0000       0.0000       0.0000      68.0000       6.0000       6.2011      63.0000      78.0000
    106.0000       1.0000       1.0000       0.0000       0.0000      66.0000       5.0000      16.0000      49.0000      56.0000
    107.0000       1.0000       0.0000       0.0000       1.0000      60.0000       1.0000      26.0000      48.0000      47.0000
    108.0000       1.0000       1.0000       0.0000       1.0000      31.0000       2.0000      14.0000      51.0000      51.0000
    109.0000       1.0000       1.0000       0.0000       1.0000      54.0000       5.0000      18.0000      55.0000      66.0000
    110.0000       1.0000       1.0000       0.0000       0.0000      67.0000       4.0000      22.0000      62.0000      74.0000
    111.0000       0.0000       1.0000       0.0000       0.0000      67.0000       6.0000      13.0000      60.0000      67.0000
    112.0000       1.0000       0.0000       0.0000       0.0000      63.0000       4.0000       0.0000      50.0000      55.0000
    113.0000       0.0000       0.0000       0.0000       1.0000      54.0000       1.0000      12.0000      61.0000      63.0000
    114.0000       1.0000       1.0000       0.0000       0.0000      67.0000       3.0000      22.0000      52.0000      64.0000
    115.0000       1.0000       1.0000       0.0000       0.0000      63.0000       1.0000      17.0000      45.0000      49.0000
    116.0000       0.0000       0.0000       0.0000       0.0000      67.0000       6.0000      17.0000      56.0000      60.0000
    117.0000       1.0000       1.0000       0.0000       1.0000      38.0000       3.0000      17.0000      46.0000      55.0000
    118.0000       1.0000       0.0000       0.0000       1.0000      36.0000       2.0000      21.0000      39.0000      52.0000
    119.0000       0.0000       1.0000       0.0000       1.0000      69.0000       4.0000      23.0000      63.0000      66.0000
    120.0000       1.0000       1.0000       0.0000       1.0000      54.0000       2.0000      24.0000      43.0000      60.0000
    121.0000       0.0000       0.0000       0.0000       0.0000      56.0000       1.0000      31.0000      34.0000      38.0000
    122.0000       1.0000       1.0000       0.0000       1.0000      32.0000       3.0000      25.2687      32.0000      42.6101
    123.0000       1.0000       1.0000       0.0000       0.0000      69.0000       4.0000      13.0000      57.0000      55.0000
    124.0000       1.0000       0.0000       0.0000       0.0000      62.0000       6.0000      23.0000      60.0000      85.0000
    125.0000       1.0000       0.0000       0.0000       1.0000      51.0000       4.0000      18.0000      66.0000      69.6975
    126.0000       0.0000       1.0000       0.0000       1.0000      62.0000       1.0000      15.0000      49.0000      59.0000
    127.0000       1.0000       1.0000       0.0000       1.0000      54.0000       1.0000       5.0000      46.0000      58.0000
    128.0000       0.0000       1.0000       0.0000       1.0000      51.0000       2.0000      14.0000      41.0000      45.0000
    129.0000       1.0000       1.0000       0.0000       1.0000      40.0000       3.0000      20.0000      66.0000      58.0000
    130.0000       0.0000       0.0000       0.0000       1.0000      39.0000       4.0000      31.0000      44.0000      42.0000
    131.0000       0.0000       1.0000       0.0000       1.0000      50.0000       1.0000      30.0000      37.0000      50.0000
    132.0000       1.0000       1.0000       0.0000       0.0000      63.0000       4.0000      29.0000      63.0000      71.0000
    133.0000       0.0000       0.0000       0.0000       0.0000      61.0000       1.0000      25.0000      34.0000      56.0000
    134.0000       1.0000       1.0000       0.0000       1.0000      60.0000       6.0000      15.0000      44.0000      58.0000
    135.0000       0.0000       0.0000       0.0000       1.0000      54.0000       2.0000      26.0000      45.0000      51.0000
    136.0000       0.0000       1.0000       0.0000       1.0000      60.9443       4.0000      21.0000      60.0000      61.0000
    137.0000       1.0000       0.0000       0.0000       0.0000      64.0000       4.0000      10.0000      63.0000      71.0000
    138.0000       1.0000       1.0000       0.0000       1.0000      56.0000       5.0000      15.0000      52.0000      65.0000
    139.0000       1.0000       0.0000       0.0000       1.0000      54.0000       6.0000      26.0000      40.0000      44.0000
    140.0000       1.0000       1.0000       0.0000       1.0000      57.0000       6.0000      11.0000      48.0000      58.0000
    141.0000       1.0000       1.0000       0.0000       0.0000      61.0000       4.0000      11.0000      57.0000      54.0000
    142.0000       0.0000       0.0000       0.0000       1.0000      51.0000       4.0000      11.0000      59.0000      64.0000
    143.0000       1.0000       1.0000       0.0000       1.0000      55.0000       1.0000      12.0000      59.0000      72.0000
    144.0000       0.0000       1.0000       0.0000       0.0000      63.0000       4.0000      18.0000      34.0000      54.0000
    145.0000       1.0000       0.0000       0.0000       1.0000      58.0000       5.0000      15.0000      41.0000      56.6561
    146.0000       1.0000       0.0000       0.0000       0.0000      66.0000       4.0000       7.0000      62.0000      65.0000
    147.0000       1.0000       0.0000       1.0000       1.0000      51.0000       2.0000      18.0000      56.0000      47.9663
    148.0000       1.0000       1.0000       1.0000       1.0000      45.0000       2.0000      19.0000      44.0000      43.6011
    149.0000       1.0000       0.0000       1.0000       1.0000      54.0230       1.0000      19.0000      55.0000      45.0000
    150.0000       0.0000       1.0000       1.0000       1.0000      42.0000       2.0000      13.0000      55.0000      51.8320
    151.0000       0.0000       0.0000       1.0000       0.0000      66.0000       4.0000       8.0000      62.0000      57.0000
    152.0000       1.0000       0.0000       1.0000       1.0000      54.0000       4.0000      26.0000      63.0000      58.0000
    153.0000       0.0000       0.0000       0.0000       1.0000      55.0000       3.0000      21.3190      40.0000      62.0000
    154.0000       0.0000       1.0000       1.0000       1.0000      60.0000       1.0000      13.0000      56.0000      48.0000
    155.0000       1.0000       1.0000       1.0000       1.0000      31.0000       5.0000      34.0000      26.0000      43.0000
    156.0000       0.0000       1.0000       1.0000       1.0000      49.6237       3.0000      17.0000      42.0000      46.0000
    157.0000       1.0000       1.0000       1.0000       0.0000      63.0000       3.0000       1.8265      43.0000      42.0000
    158.0000       0.0000       1.0000       1.0000       1.0000      58.0000       3.0000      15.0000      56.0000      51.0000
    159.0000       0.0000       1.0000       1.0000       0.0000      64.0000       4.0000      18.0000      53.0000      47.0000
    160.0000       0.0000       0.0000       1.0000       1.0000      27.0000       3.0000      24.0000      47.0000      41.1557
    161.0000       1.0000       0.0000       1.0000       1.0000      43.0000       4.0000      27.0763      53.0000      53.0000
    162.0000       0.0000       0.0000       1.0000       1.0000      31.0000       3.0000      22.0000      53.0000      48.0000
    163.0000       0.0000       0.0000       1.0000       1.0000      50.0000       2.0000      19.3098      55.0000      54.0000
    164.0000       0.0000       1.0000       1.0000       0.0000      59.4791       3.0000      13.0000      51.0000      53.0000
    165.0000       1.0000       1.0000       0.0000       1.0000      57.0000       1.0000      14.0000      43.0000      57.0000
    166.0000       1.0000       1.0000       1.0000       1.0000      36.0000       5.0000      27.0000      31.0000      40.8489
    167.0000       1.0000       1.0000       1.0000       1.0000      38.6494       1.0000      25.0000      54.0000      44.0000
    168.0000       0.0000       1.0000       1.0000       1.0000      50.0000       3.0000      20.0000      44.0000      45.0000
    169.0000       1.0000       0.0000       1.0000       0.0000      61.5968       6.0000       2.0000      57.0000      55.0000
    170.0000       1.0000       0.0000       1.0000       1.0000      43.0000       4.0000      22.0000      54.0000      59.0000
    171.0000       1.0000       1.0000       1.0000       1.0000      38.0000       2.0000      42.0000      37.0000      34.3755
    172.0000       0.0000       0.0000       1.0000       1.0000      55.0000       4.0000       8.3537      57.0000      63.0000
    173.0000       0.0000       0.0000       1.0000       1.0000      46.0000       3.0000      14.0000      48.0000      41.2970
    174.0000       0.0000       1.0000       1.0000       1.0000      32.0000       1.0000      18.0000      46.0000      59.0000
    175.0000       0.0000       0.0000       1.0000       1.0000      44.8717       1.0000      30.0000      34.0000      52.0000
    176.0000       1.0000       1.0000       1.0000       1.0000      46.2695       3.0000      24.9469      37.0000      52.0000
    177.0000       0.0000       1.0000       1.0000       1.0000      45.0000       1.0000      54.8574      36.0000      29.9463
    178.0000       0.0000       1.0000       1.0000       1.0000      46.0000       5.0000       4.0000      59.0000      60.4260
    179.0000       1.0000       0.0000       1.0000       1.0000      61.0000       3.0000      17.0000      38.0000      44.7569
    180.0000       0.0000       0.0000       1.0000       1.0000      57.0000       3.0000      19.6197      58.0000      70.0000
    181.0000       1.0000       1.0000       1.0000       1.0000      45.0000       3.0000      19.0000      44.0000      58.0000
    182.0000       0.0000       0.0000       1.0000       1.0000      54.0000       2.0000      18.0000      35.0000      54.0000
    183.0000       0.0000       0.0000       1.0000       1.0000      52.0000       6.0000       9.0000      44.0000      46.7751
    184.0000       1.0000       1.0000       1.0000       1.0000      49.3467       3.0000      20.0000      47.0000      63.0000
    185.0000       1.0000       1.0000       1.0000       1.0000      38.0000       4.0000       9.0000      64.0000      50.0000
    186.0000       1.0000       0.0000       1.0000       1.0000      61.0000       3.0000      12.0000      40.0000      58.0000
    187.0000       1.0000       1.0000       1.0000       1.0000      47.1739       6.0000      23.0000      55.0000      68.4236
    188.0000       0.0000       1.0000       1.0000       1.0000      37.0000       4.0000      15.5763      53.0000      47.0000
    189.0000       1.0000       0.0000       1.0000       0.0000      64.0000       6.0000      13.0000      59.0000      61.0000
    190.0000       1.0000       0.0000       1.0000       1.0000      28.0000       3.0000      17.0000      40.0000      51.3870
    191.0000       0.0000       1.0000       1.0000       1.0000      38.0000       2.0000       5.0000      63.0000      53.0000
    192.0000       0.0000       0.0000       1.0000       1.0000      39.0000       4.0000      25.0000      44.0000      46.0000
    193.0000       0.0000       1.0000       1.0000       1.0000      34.0000       1.0000      27.0000      46.0000      42.0000
    194.0000       1.0000       1.0000       1.0000       1.0000      56.8432       2.0000      19.0000      62.0000      57.0000
    195.0000       1.0000       0.0000       1.0000       1.0000      54.0000       4.0000      14.0000      57.0000      58.0000
    196.0000       0.0000       0.0000       1.0000       1.0000      40.0000       3.0000      32.0000      45.0000      37.0000
    197.0000       0.0000       1.0000       1.0000       1.0000      42.0000       5.0000      28.0000      43.0000      41.0000
    198.0000       0.0000       1.0000       1.0000       1.0000      33.0000       3.0000      22.0000      47.0000      52.0000
    199.0000       1.0000       0.0000       1.0000       1.0000      48.0000       5.0000      27.1702      41.0000      60.0000
    200.0000       1.0000       0.0000       1.0000       1.0000      52.0000       6.0000      20.0000      45.0000      56.0000
    201.0000       0.0000       0.0000       1.0000       1.0000      33.0000       2.0000      16.0000      57.0000      55.0000
    202.0000       0.0000       1.0000       1.0000       1.0000      36.4513       5.0000      13.0000      56.0000      55.0000
    203.0000       1.0000       1.0000       1.0000       1.0000      44.4494       6.0000      14.0000      51.0000      55.0000
    204.0000       0.0000       1.0000       1.0000       1.0000      28.0000       4.0000       7.0000      52.0000      44.7812
    205.0000       1.0000       0.0000       1.0000       1.0000      56.0000       3.0000      16.0000      76.0000      52.0000
    206.0000       1.0000       1.0000       1.0000       1.0000      57.0000       3.0000      11.0000      52.0000      60.1821
    207.0000       0.0000       1.0000       1.0000       1.0000      40.0000       3.0000      23.0000      42.0000      40.8988
    208.0000       1.0000       1.0000       1.0000       1.0000      54.9656       5.0000      16.0000      51.0000      61.0000
    209.0000       1.0000       1.0000       1.0000       1.0000      36.0000       1.0000      17.1048      45.0000      48.0000
    210.0000       0.0000       1.0000       1.0000       1.0000      49.0000       3.0000      24.0000      56.0000      54.0000
    211.0000       0.0000       1.0000       1.0000       1.0000      33.0000       1.0000      18.0000      44.0000      42.9273
    212.0000       0.0000       1.0000       1.0000       1.0000      58.0000       5.0000      20.8595      46.0000      65.0000
    213.0000       1.0000       1.0000       1.0000       1.0000      57.0000       2.0000      12.0000      54.0000      53.0370
    214.0000       0.0000       0.0000       1.0000       0.0000      63.0000       6.0000      28.0000      60.0000      66.0000
    215.0000       1.0000       0.0000       1.0000       1.0000      40.0000       4.0000      17.5034      36.0000      37.8690
    216.0000       0.0000       1.0000       1.0000       1.0000      43.0000       2.0000      15.0000      49.0000      53.0000
    217.0000       1.0000       1.0000       1.0000       1.0000      63.9547       6.0000      15.0000      55.0000      71.0000
    218.0000       0.0000       1.0000       1.0000       0.0000      58.0000       2.0000      20.0000      47.0000      38.0000
    219.0000       1.0000       0.0000       1.0000       1.0000      60.0000       1.0000      28.1110      45.0000      51.0000
    220.0000       0.0000       1.0000       1.0000       1.0000      50.0000       6.0000      13.6976      42.0000      51.5140
    221.0000       1.0000       1.0000       1.0000       1.0000      60.0000       6.0000      16.0000      49.0000      61.0000
    222.0000       1.0000       1.0000       1.0000       1.0000      45.0000       2.0000      22.0000      43.0000      37.3957
    223.0000       0.0000       1.0000       1.0000       0.0000      66.0000       4.0000      22.0000      47.0000      47.0000
    224.0000       0.0000       1.0000       1.0000       1.0000      42.0000       2.0000      12.0000      53.0000      47.3046
    225.0000       1.0000       0.0000       1.0000       1.0000      56.0000       3.0000      20.0000      59.0000      64.0000
    226.0000       1.0000       1.0000       1.0000       0.0000      61.0000       5.0000      11.0000      51.0000      50.0000
    227.0000       0.0000       1.0000       1.0000       1.0000      52.0000       5.0000      12.0000      55.0000      66.0072
    228.0000       1.0000       0.0000       1.0000       1.0000      37.0000       4.0000      12.0000      48.0000      59.0838
    229.0000       1.0000       1.0000       1.0000       1.0000      40.0000       3.0000      25.0000      43.0000      37.0000
    230.0000       0.0000       1.0000       1.0000       0.0000      62.0000       4.0000       7.0000      48.0000      55.0000
    231.0000       0.0000       1.0000       0.0000       1.0000      42.2101       3.0000      31.0000      36.0000      45.0000
    232.0000       0.0000       0.0000       1.0000       1.0000      42.0000       1.0000      29.0000      50.0000      42.9768
    233.0000       0.0000       0.0000       1.0000       1.0000      43.0000       2.0000      21.0000      53.0000      56.3765
    234.0000       0.0000       1.0000       1.0000       1.0000      48.0000       3.0000      19.0000      53.0000      54.1185
    235.0000       1.0000       0.0000       1.0000       1.0000      28.0000       4.0000      29.0000      30.0000      45.5103
    236.0000       1.0000       1.0000       1.0000       1.0000      42.0000       1.0000      20.0000      62.0000      46.3264
    237.0000       0.0000       0.0000       0.0000       1.0000      49.0000       2.0000      23.0000      36.0000      58.0000
    238.0000       0.0000       1.0000       1.0000       1.0000      34.0000       4.0000      13.0000      46.0000      53.0000
    239.0000       0.0000       0.0000       1.0000       1.0000      49.0000       5.0000      25.5175      46.0000      53.0000
    240.0000       0.0000       0.0000       1.0000       1.0000      50.0000       1.0000      24.0715      37.0000      49.0000
    241.0000       1.0000       0.0000       1.0000       1.0000      60.0000       6.0000      16.0000      45.0000      53.0000
    242.0000       0.0000       0.0000       1.0000       1.0000      57.0000       3.0000      17.0000      45.0000      60.0000
    243.0000       1.0000       0.0000       1.0000       1.0000      58.0000       2.0000      22.0000      60.0000      75.0000
    244.0000       0.0000       0.0000       1.0000       0.0000      66.0000       4.0000      13.0000      49.0000      59.6657
    245.0000       1.0000       0.0000       1.0000       1.0000      58.0000       4.0000       9.0000      51.0000      71.0000
    246.0000       0.0000       1.0000       1.0000       1.0000      57.0000       1.0000      16.0000      50.0000      47.1696
    247.0000       0.0000       0.0000       1.0000       1.0000      46.0000       4.0000      27.0000      43.0000      54.0000
    248.0000       0.0000       0.0000       1.0000       1.0000      34.0000       5.0000      13.0000      61.0000      61.0000
    249.0000       1.0000       1.0000       1.0000       1.0000      56.0000       4.0000      18.0000      50.0000      51.0000
    250.0000       0.0000       0.0000       1.0000       1.0000      30.0000       3.0000      13.0000      56.0000      55.0825
