      1.0000       0.0000       1.0000       2.0000       1.0000      44.0000      57.0000     105.0000     131.0000     123.0000     123.0000       1.0000     376.0000     105.0000     113.0000     116.0000      91.0000       1.0000     313.0000
      2.0000       0.0000       0.0000       2.0000       1.0000      48.0000      59.0000     153.0000     150.0000     138.0000     123.0000       1.0000     345.0000     149.0000     138.0000     120.0000     127.0000       1.0000     381.0000
      3.0000       0.0000       0.0000       1.0000       0.0000      41.0000      49.0000     123.0000     136.0000     126.0000     119.0000       1.0000     399.0000     125.0000     114.0000     115.0000     111.0000       1.0000     421.0000
      4.0000       0.0000       1.0000       1.0000       0.0000      43.0000      50.0000     107.0000     124.0000     109.0000     115.0000       1.0000     331.0000      95.0000     105.0000      90.0000      90.0000       1.0000     263.0000
      5.0000       0.0000       1.0000       1.0000       0.0000      47.0000      56.0000     119.0000     131.0000     118.0000     105.8351     999.0000     351.0000     129.0000     126.0000     109.0000     999.0000     999.0000     301.0000
      6.0000       0.0000       0.0000       1.0000       0.0000      39.0000      56.0000     114.0000     127.0000     121.0000     112.0000       1.0000     364.0000     108.0000     103.0000     116.0000      97.0000       1.0000     350.0000
      7.0000       0.0000       1.0000     999.0000     999.0000      61.0000      40.0000     115.0000     141.0000     135.0000     108.0000       1.0000     364.0000      98.0000     104.0000     123.0000      99.0000       1.0000     364.0000
      8.0000       0.0000       0.0000       1.0000       0.0000      57.0000      54.0000     129.0000     126.0000     999.0000     106.0000       1.0000     319.0000     126.0000     114.0000     999.0000     115.0000       1.0000     384.0000
      9.0000       0.0000       1.0000       2.0000       1.0000      62.0000      61.0000      99.0000     117.0000     999.0000     104.0000       1.0000     385.4996     106.0000     113.0000     999.0000      86.0000       0.0000     999.0000
     10.0000       0.0000       0.0000       2.0000       1.0000      51.0000      53.0000     118.0000     124.0000     110.0000     103.2317     999.0000     264.0000     114.0000     115.0000      86.0000     999.0000     999.0000     247.0000
     11.0000       0.0000       1.0000       2.0000       1.0000      37.0000      38.0000     124.0000     125.0000     126.0000     104.0000       1.0000     350.0000     114.0000     127.0000     143.0000     109.0000       1.0000     380.0000
     12.0000       0.0000       0.0000       1.0000       0.0000      50.0000      56.0000     103.0000     113.0000     117.0000     104.0000       1.0000     332.0000     109.0000     116.0000     121.0000      95.0000       1.0000     331.0000
     13.0000       0.0000       1.0000       2.0000       1.0000      49.0000      57.0000     105.0000     109.0000     109.0000     102.0000       1.0000     317.0000     117.0000     124.0000     130.0000     104.0000       1.0000     356.0000
     14.0000       0.0000       1.0000       2.0000       1.0000      46.0000      39.0000      95.0000     109.0000      98.0000     102.0000       1.0000     100.0000      98.0000     114.0000      89.0000      91.0000       1.0000     264.0000
     15.0000       0.0000     999.0000       2.0000       1.0000      62.0000      61.0000     120.0000     120.0000     118.0000     100.0000       1.0000     289.0000     111.0000     104.0000      98.0000      85.0000       0.0000     253.0000
     16.0000       0.0000       0.0000       1.0000       0.0000      60.0000      51.0000     112.0000     122.0000     115.0000     100.0000       1.0000     259.0000     104.0000     105.0000      88.0000      95.0000       1.0000     224.0000
     17.0000       0.0000       0.0000       1.0000       0.0000      45.0000      51.0000     111.0000     115.0000     105.0000      99.0000       1.0000     318.0000     132.0000     118.0000     108.0000     108.0000       1.0000     377.0000
     18.0000       0.0000       0.0000       1.0000       0.0000      23.0000      39.0000      90.0000      83.0000      86.0000      98.0000       1.0000     297.0000     122.0000     108.0000     105.0000     103.0000       1.0000     338.0000
     19.0000       0.0000       1.0000       1.0000       0.0000      36.6640      58.0000     101.0000     107.0000     110.0000     102.0277     999.0000     310.0000      88.0000     102.0000     115.0000     999.0000     999.0000     306.0000
     20.0000       0.0000       0.0000       1.0000       0.0000      45.0000      68.0000      94.8509     106.0000     102.0000      97.0000       1.0000     335.0000     999.0000     101.0000     112.0000      94.0000       1.0000     342.0000
     21.0000       0.0000       0.0000       1.0000       0.0000      53.0000      60.0000     112.0000     107.0000     105.0000      94.0000       1.0000     305.0000     116.0000     104.0000     100.0000      91.0000       1.0000     274.0000
     22.0000       0.0000     999.0000       1.0000       0.0000      33.0000      46.0000      70.0000      88.0000      82.0000      94.0000       1.0000     266.0000      89.0000      97.0000      91.0000      78.0000       0.0000     283.0000
     23.0000       0.0000       1.0000       3.0000       1.0000      40.0000      42.4006      71.0000      96.0000      90.0000      93.0000       1.0000     245.0000      81.0000      96.0000      97.0000      90.0000       1.0000     265.0000
     24.0000       0.0000       1.0000       1.0000       0.0000      56.0000      54.0000      99.0000     119.0000     109.0000      93.0000       1.0000     277.7748      99.0000     106.0000     105.0000      91.0000       1.0000     999.0000
     25.0000       0.0000     999.0000       1.0000       0.0000      42.0000      46.0000      91.0000     109.0000     100.0000      93.0000       1.0000     325.0000      84.0000     100.0000     104.0000      81.0000       0.0000     272.0000
     26.0000       0.0000     999.0000       1.0000       0.0000      54.0000      69.0000      92.6521     100.0000     999.0000      93.0000       1.0000     300.0000     999.0000     104.0000     999.0000      86.0000       0.0000     278.0000
     27.0000       0.0000       1.0000       1.0000       0.0000      45.0000      65.0000      82.0000      83.0000      79.0000      92.0000       1.0000     238.0000     106.0000     111.0000      98.0000      88.0000       0.0000     269.0000
     28.0000     999.0000       0.0000       1.0000       0.0000      37.0000      39.0000      88.0000     101.0000     101.0000      92.0000       1.0000     326.0000      94.0000      90.0000     104.0000      84.0000       0.0000     293.0000
     29.0000       0.0000       0.0000       1.0000       0.0000      76.0000      55.0000     105.2040     113.0000     121.0000      92.0000       1.0000     284.0000     999.0000      93.0000     100.0000      93.0000       1.0000     202.0000
     30.0000       0.0000       1.0000       1.0000       0.0000      63.0000      64.0000      86.0000     110.0000     106.0000     105.4168     999.0000     338.0000     107.0000     110.0000     111.0000     999.0000     999.0000     334.0000
     31.0000       0.0000       0.0000       1.0000       0.0000      50.0000      51.0000      97.0000     107.0000      97.0000      92.0000       1.0000     254.0000     112.0000      90.0000      94.0000      87.0000       0.0000     359.0000
     32.0000       0.0000       0.0000       2.0000       1.0000      42.0000      51.0000      87.0000     101.0000     999.0000      90.0000       1.0000     306.0000     109.0000     103.0000     999.0000      90.0000       1.0000     289.0000
     33.0000       0.0000       1.0000       2.0000       1.0000      37.0000      40.0000      99.0000     102.0000     102.0000      89.0000       0.0000     261.6311     121.0000     113.0000     121.0000     106.0000       1.0000     999.0000
     34.0000       0.0000       1.0000       2.0000       1.0000      25.0000      32.0000      67.0000      82.0000      76.0000      89.0000       0.0000     260.0000      99.0000      90.0000      89.0000      71.0000       0.0000     261.0000
     35.0000       0.0000       0.0000       2.0000       1.0000      39.0000      45.0000      90.0000      94.0000      96.0000      88.0000       0.0000     258.0000      89.0000      92.0000      98.0000      79.0000       0.0000     266.0000
     36.0000       0.0000       1.0000       1.0000       0.0000      53.0000      46.0000     103.0000     121.0000     111.0000      88.0000       0.0000     304.0000      97.0000     105.0000     103.0000      83.0000       0.0000     265.0000
     37.0000       0.0000       0.0000       2.0000       1.0000      49.0000      55.0000      98.5962      95.0000      89.0000      87.0000       0.0000     215.0000     999.0000      85.0000      83.0000      75.0000       0.0000     232.0000
     38.0000       0.0000       0.0000       2.0000       1.0000      40.0000      38.0000      91.0000      93.0000      96.0000      87.0000       0.0000     335.0000     109.0000     100.0000     109.0000      92.0000       1.0000     330.0000
     39.0000       0.0000       0.0000       1.0000       0.0000      71.0000      61.0000      77.0000      84.0000      97.0000      87.0000       0.0000     207.0000      86.0000      92.0000     100.0000      68.0000       0.0000     248.0000
     40.0000       0.0000       0.0000       1.0000       0.0000      56.0000      53.0000      97.0000     108.0000     105.0000      86.0000       0.0000     251.0000      90.0000      93.0000      96.0000      76.0000       0.0000     261.0000
     41.0000       0.0000       1.0000       2.0000       1.0000      44.0000      47.0000      83.0000      90.0000      85.0000      85.0000       0.0000     209.5898     100.0000      89.0000      96.0000      86.0000       0.0000     999.0000
     42.0000       0.0000       0.0000       2.0000       1.0000      70.0000      76.0000     102.0000      95.0000     999.0000      79.3859     999.0000     188.0000     117.0000     106.0000     999.0000     999.0000     999.0000     253.0000
     43.0000       0.0000       1.0000       2.0000       1.0000      39.0000      45.0000      74.0000      77.0000      78.0000      84.0000       0.0000     269.0000      87.0000      88.0000      89.0000      71.0000       0.0000     213.0000
     44.0000       0.0000       0.0000       1.0000       0.0000      58.0000      73.0000      85.0000      87.0000      87.0000      84.0000       0.0000     260.0000      94.0000      95.0000      96.0000      79.0000       0.0000     250.0000
     45.0000       0.0000       1.0000       2.0000       1.0000      31.0000      45.0000      83.0000      85.0000      85.0000      84.0000       0.0000     213.0000      86.0000     109.0000     100.0000      81.0000       0.0000     209.0000
     46.0000       0.0000       1.0000       3.0000       1.0000      73.0000      63.0000      65.0000      80.0000      83.0000      62.1330     999.0000     114.2196      91.0000      99.0000      84.0000     999.0000     999.0000     999.0000
     47.0000       0.0000       0.0000       1.0000       0.0000      63.0000      59.0000      89.0000     103.0728     999.0000      83.0000       0.0000     205.0000     112.0000     999.0000     999.0000      86.0000       0.0000     249.0000
     48.0000       0.0000       1.0000       3.0000       1.0000      45.0000      45.0000      69.0000      81.0000      85.0000      82.0000       0.0000     250.0000      94.0000      92.0000     107.0000      89.0000       0.0000     286.0000
     49.0000       0.0000       1.0000       3.0000       1.0000      39.0000      48.0000      68.0000      70.0000      68.0000      82.0000       0.0000     301.0933      93.0000      95.0000      85.0000      86.0000       0.0000     999.0000
     50.0000       0.0000       1.0000       3.0000       1.0000      50.0000      49.0000      67.0000      88.0000      81.0000      81.0000       0.0000     242.0000      86.0000      95.0000      91.0000      81.0000       0.0000     236.0000
     51.0000       0.0000       1.0000       3.0000       1.0000      37.0000      47.0000      74.0000      90.0000      81.0000      81.0000       0.0000     258.0000      92.0000     101.0000      93.0000      74.0000       0.0000     242.0000
     52.0000       0.0000       0.0000       1.0000       0.0000      67.0000      66.0000      88.0000      91.7541      90.0000      81.0000       0.0000     283.0000      97.0000     999.0000      82.0000      72.0000       0.0000     237.0000
     53.0000       0.0000       1.0000       2.0000       1.0000      42.0000      55.0000      80.0000      86.0000      82.0000      79.0000       0.0000     230.0000      99.0000     106.0000     101.0000      93.0000       1.0000     254.0000
     54.0000       0.0000       0.0000       3.0000       1.0000      60.0000      57.0000      84.0000      85.0000      95.0000      78.0000       0.0000     202.2415      97.0000     107.0000      95.0000      82.0000       0.0000     999.0000
     55.0000       0.0000       1.0000       2.0000       1.0000      58.0000      58.0000     100.0000      95.6787      97.0000      76.0000       0.0000     259.0000     102.0000     999.0000      90.0000      78.0000       0.0000     162.0000
     56.0000       0.0000       0.0000       2.0000       1.0000      66.0000      55.0000      78.0000      85.0057      92.0000      75.0000       0.0000     223.6310      92.0000     999.0000      99.0000      83.0000       0.0000     999.0000
     57.0000     999.0000       1.0000       3.0000       1.0000      48.0000      57.0000      79.0000      80.0000     999.0000      89.2019     999.0000     262.0000      96.0000      89.0000     999.0000     999.0000     999.0000     251.0000
     58.0000       0.0000       0.0000       1.0000       0.0000      17.0000      38.0000      73.0000      59.0000      64.0000      78.7389     999.0000     196.0000      97.0000     110.0000      83.0000     999.0000     999.0000     100.0000
     59.0000       0.0000       1.0000       1.0000       0.0000      65.0000      65.0000      71.0000      77.4304      68.0000      74.0000       0.0000     100.0000      91.0000     999.0000      71.0000      80.0000       0.0000     263.0000
     60.0000       0.0000       0.0000       2.0000       1.0000      62.0000      72.0000      94.0000      92.0000     999.0000      78.1076     999.0000     134.0000     108.0000     103.0000     999.0000     999.0000     999.0000     239.0000
     61.0000       0.0000     999.0000       2.0000       1.0000      39.0000      45.0000      58.0000      64.0000      70.0000      73.0000       0.0000     239.0000      70.0000      80.0000     101.0000      67.0000       0.0000     245.0000
     62.0000       0.0000       0.0000       2.0000       1.0000      63.0000      76.0000      84.2982      79.0000     999.0000      72.0000       0.0000     275.7545     999.0000      80.0000     999.0000      59.0000       0.0000     999.0000
     63.0000       0.0000       0.0000     999.0000     999.0000      62.0000      50.0000      74.0000      78.0000      82.0000      70.0000       0.0000     105.0000      90.0000      85.0000      85.0000      74.0000       0.0000     203.0000
     64.0000       0.0000     999.0000       3.0000       1.0000      68.0000      70.0000      83.0000      79.0000      89.0000      69.2027     999.0000     154.3824     108.0000     111.0000     104.0000     999.0000     999.0000     999.0000
     65.0000       0.0000       0.0000       2.0000       1.0000      55.0000      56.7481      75.0000      69.0000      75.0000      62.0000       0.0000     226.5197     104.0000      90.0000      95.0000      74.0000       0.0000     999.0000
     66.0000       0.0000       0.0000       3.0000       1.0000      92.0000      76.0000      88.0000     103.9557     999.0000      54.0000       0.0000     293.0000     100.0000     999.0000     999.0000      69.0000       0.0000     189.0000
     67.0000       0.0000       0.0000       1.0000       0.0000      57.0000      56.0000      39.0000      47.0000      57.0000      41.0000       0.0000     138.5364      82.0000      82.0000      80.0000      60.0000       0.0000     999.0000
     68.0000       0.0000       1.0000       2.0000       1.0000      67.0000      63.0000      85.0000      99.0000     999.0000      94.3987     999.0000     365.0956      85.0000      89.0000     999.0000     999.0000     999.0000     999.0000
     69.0000       0.0000       0.0000       2.0000       1.0000      61.0000      57.0000      81.0000      79.5344      89.0000      79.0000       0.0000     282.0000     107.0000     999.0000      88.0000      74.0000       0.0000     271.0000
     70.0000       0.0000       0.0000       2.0000       1.0000      52.0000      51.0000     105.0000      93.0000      96.0000      79.0000       0.0000     237.0000     108.0000     107.0000     105.0000      91.0000       1.0000     251.0000
     71.0000       0.0000       1.0000       3.0000       1.0000      57.8751      51.0000      75.0000      72.0000      82.0000      76.0000       0.0000     205.0000      74.0000      85.0000      95.0000      62.0000       0.0000     100.0000
     72.0000       0.0000       1.0000       2.0000       1.0000      42.0000      42.0000      83.0000      85.0000      96.0000      84.1341     999.0000     229.0000     109.0000     114.0000     118.0000     999.0000     999.0000     100.0000
     73.0000       1.0000       0.0000       2.0000       1.0000      41.0000      35.0000     132.0000     123.0000     132.0000     114.0000       1.0000     317.1478     112.0000     124.0000     120.0000     101.0000       1.0000     999.0000
     74.0000       1.0000       1.0000       2.0000       1.0000      65.0000      65.0000     102.0000     123.0000     115.0000     112.0000       1.0000     235.0000      95.0000     113.0000      97.0000      99.0000       1.0000     287.0000
     75.0000       1.0000       1.0000       2.0000       1.0000      39.0000      35.0000     106.8349     110.0000     118.0000     109.0000       1.0000     352.0000     999.0000     109.0000     123.0000      89.0000       0.0000     303.0000
     76.0000       1.0000       1.0000       2.0000       1.0000      36.0000      37.0000      64.0000      92.0000      95.0000     107.0000       1.0000     299.1592      94.0000      93.0000     100.0000      85.0000       0.0000     999.0000
     77.0000       1.0000       1.0000       2.0000       1.0000      36.0000      35.0000     104.0000     112.0000     119.0000     104.0000       1.0000     348.0000      99.0000     111.0000     122.0000      92.0000       1.0000     282.0000
     78.0000       1.0000       0.0000       1.0000       0.0000      53.0000      36.0000      94.0000     108.0000     121.0000     103.0000       1.0000     368.0000      93.0000      85.0000     112.0000      92.0000       1.0000     303.0000
     79.0000       1.0000       1.0000       3.0000       1.0000      41.0000      41.0000      98.0000     106.8647     101.0000     102.0000       1.0000     188.0000      68.0000     999.0000      73.0000      74.0000       0.0000     100.0000
     80.0000       1.0000       1.0000       2.0000       1.0000      53.0000      40.0000      82.0000     104.0000     111.0000     102.0000       1.0000     292.0000      88.0000     102.0000     115.0000      95.0000       1.0000     300.0000
     81.0000       1.0000       1.0000       2.0000       1.0000      39.0000      43.0000      70.0000      91.0000     102.0000     101.0000       1.0000     317.0000      82.0000      94.0000     122.0000      98.0000       1.0000     321.0000
     82.0000       1.0000       1.0000       1.0000       0.0000      42.0000      59.0000      92.0000     100.0000      98.0000     101.0000       1.0000     342.0000     120.0000     125.0000     123.0000     108.0000       1.0000     392.0000
     83.0000       1.0000       0.0000       1.0000       0.0000      40.0000      51.0000     112.0000     116.0000     116.0000     101.0000       1.0000     349.0000     111.0000     112.0000     116.0000      97.0000       1.0000     340.0000
     84.0000       1.0000       1.0000       3.0000       1.0000      46.0000      47.0000     105.0000      99.0000     108.0000      97.0000       1.0000     291.0000     100.0000     109.0000     125.0000     107.0000       1.0000     355.0000
     85.0000       1.0000       1.0000       3.0000       1.0000      46.0000      51.0000      85.0000      87.0000      86.0000      74.9257     999.0000     188.0000      84.0000     102.0000      88.0000     999.0000     999.0000     266.0000
     86.0000       1.0000       0.0000       1.0000       0.0000      36.0000      47.0000      95.0000     107.0000     107.0000      97.0000       1.0000     360.0000     108.0000     106.0000     114.0000      92.0000       1.0000     330.0000
     87.0000       1.0000       1.0000       2.0000       1.0000      47.0000      37.0000      98.0000     102.0000     999.0000      96.0000       1.0000     348.0000      83.0000     103.0000     999.0000     101.0000       1.0000     317.0000
     88.0000       1.0000       1.0000       1.0000       0.0000      50.0000      49.0000      83.0000      90.0000      99.0000      96.0000       1.0000     288.0000      99.0000     103.0000      92.0000      76.0000       0.0000     196.0000
     89.0000       1.0000       1.0000       1.0000       0.0000      34.0000      38.0000      74.0000      80.0000      85.0000      95.0000       1.0000     287.0000      88.0000      95.0000     106.0000      92.0000       1.0000     352.0000
     90.0000       1.0000       1.0000       1.0000       0.0000      49.0000      47.7126      71.0000      90.0000      99.0000      94.0000       1.0000     251.0000      99.0000     110.0000     120.0000     101.0000       1.0000     268.0000
     91.0000       1.0000       0.0000     999.0000     999.0000      20.0000      37.0000      88.0000      89.0000      91.0000      94.0000       1.0000     253.9382      83.0000     101.0000      90.0000      84.0000       0.0000     999.0000
     92.0000       1.0000       1.0000       2.0000       1.0000      61.0000      70.0000     118.0000     109.0000     110.0000      87.3057     999.0000     290.0000     107.0000     113.0000      95.0000     999.0000     999.0000     201.0000
     93.0000       1.0000       1.0000       3.0000       1.0000      59.0000      49.0000      70.0000      83.0000      84.0000      91.0000       1.0000     137.2512      79.0000      88.0000      75.0000      63.0000       0.0000     999.0000
     94.0000       1.0000       0.0000       1.0000       0.0000      58.0000      61.0000      91.0000      94.0000     109.0000      91.0000       1.0000     330.0000     112.0000     108.0000     120.0000      94.0000       1.0000     271.0000
     95.0000       1.0000       0.0000       1.0000       0.0000      46.0000      56.0000      85.0000      88.0000     102.0000      91.0000       1.0000     236.8143     113.0000     110.0000     130.0000     115.0000       1.0000     999.0000
     96.0000       1.0000       0.0000       2.0000       1.0000      47.0000      48.0000      90.0000     102.0000     109.0000      91.0000       1.0000     311.0000     112.0000     119.0000     119.0000     101.0000       1.0000     324.0000
     97.0000       1.0000       1.0000       1.0000       0.0000      33.0000      39.0000      86.0000      94.8821      89.0000      91.0000       1.0000     224.0000     102.0000     999.0000      95.0000      90.0000       1.0000     263.0000
     98.0000       1.0000       1.0000       2.0000       1.0000      42.0000      51.0000     108.0000     104.0000     108.0000      90.0000       1.0000     289.0000      90.0000     109.0000     114.0000      78.0000       0.0000     282.0000
     99.0000       1.0000       1.0000       2.0000       1.0000      42.0000      47.0000      63.0000      74.0000      97.0000      90.0000       1.0000     305.0000      75.0000      88.0000     127.0000      81.0000       0.0000     253.0000
    100.0000       1.0000       1.0000       1.0000       0.0000      36.0000      36.0000      89.0000      87.0000      95.0000      89.0000       0.0000     100.1840      86.0000     106.0000     117.0000      99.0000       1.0000     999.0000
    101.0000       1.0000       0.0000       2.0000       1.0000      33.0000      46.0000      89.0000      88.0000      96.0000      89.0000       0.0000     259.7326     106.0000     107.0000     109.0000      86.0000       0.0000     999.0000
    102.0000       1.0000       0.0000       2.0000       1.0000      73.0000      61.0000      98.0000      90.0000     118.0000      76.3707     999.0000     212.0000      94.0000     106.0000     126.0000     999.0000     999.0000     235.0000
    103.0000       1.0000       1.0000       2.0000       1.0000      41.0000      53.0000      84.0000      91.0000     105.0000      88.0000       0.0000     278.0000      81.0000     107.0000     139.0000      92.0000       1.0000     309.0000
    104.0000       1.0000       0.0000       2.0000       1.0000      39.0000      41.0000     108.0000     110.0000     999.0000      88.0000       0.0000     240.0000     108.0000      98.0000     999.0000      90.0000       1.0000     218.0000
    105.0000       1.0000       1.0000       3.0000       1.0000      46.2029      61.0000      75.0000      75.0000      85.0000      87.0000       0.0000     239.8409      87.0000     102.0000     113.0000      79.0000       0.0000     999.0000
    106.0000       1.0000       1.0000       2.0000       1.0000      48.0000      39.0000      77.0000      98.0000     102.0000      87.0000       0.0000     256.0000      98.0000      97.0000     106.0000      97.0000       1.0000     245.0000
    107.0000       1.0000       1.0000       3.0000       1.0000      53.0000      61.0000      79.0000      96.0000     999.0000      92.0967     999.0000     263.0000      97.0000     108.0000     999.0000     999.0000     999.0000     314.0000
    108.0000       1.0000       0.0000       1.0000       0.0000      53.0000      56.0000      79.0000      81.0000      90.0000      86.0000       0.0000     218.0000      96.0000      98.0000      95.0000      81.0000       0.0000     257.0000
    109.0000       1.0000       0.0000       1.0000       0.0000      31.0000      43.0000      86.0000      94.4628      87.0000      86.0000       0.0000     217.0000     104.0000     999.0000      92.0000      86.0000       0.0000     232.0000
    110.0000       1.0000       0.0000       1.0000       0.0000      38.0000      50.0000     100.0000      89.0000      93.0000      85.0000       0.0000     246.0000      95.0000      99.0000     100.0000      84.0000       0.0000     284.0000
    111.0000       1.0000     999.0000       1.0000       0.0000      62.0000      49.0000      76.0000      85.0000     102.0000      81.9211     999.0000     244.0000      72.0000      76.0000     109.0000     999.0000     999.0000     281.0000
    112.0000       1.0000       0.0000       1.0000       0.0000      36.0000      31.0000     114.0000     100.0000     106.0000      85.0000       0.0000     272.0000     108.0000     109.0000     111.0000      94.0000       1.0000     314.0000
    113.0000       1.0000       0.0000       2.0000       1.0000      47.0000      69.0000      94.0000      89.0000      94.0000      90.4109     999.0000     266.0000     106.0000      96.0000     100.0000     999.0000     999.0000     267.0000
    114.0000       1.0000       0.0000       2.0000       1.0000      50.0000      59.0000      86.0000      86.0000      99.0000      84.0000       0.0000     198.0000     103.0000     117.0000     120.0000      92.0000       1.0000     295.0000
    115.0000       1.0000       1.0000       3.0000       1.0000      68.0000      74.0000      86.0000      92.0000     101.0000      82.3467     999.0000     350.0000      81.0000      95.0000     103.0000     999.0000     999.0000     173.0000
    116.0000       1.0000       1.0000       1.0000       0.0000      47.0000      47.0000      72.0000      88.1043      91.0000      82.0000       0.0000     248.0000     107.0000     999.0000     117.0000      89.0000       0.0000     258.0000
    117.0000       1.0000       0.0000       2.0000       1.0000      59.0000      61.0000      76.0000      76.0000      82.0000      81.0000       0.0000     220.0000      82.0000      84.0000      84.0000      89.0000       0.0000     210.0000
    118.0000       1.0000       0.0000       3.0000       1.0000      60.9718      51.0000      85.0000      97.0000     109.0000      81.0000       0.0000     221.0000     100.0000     101.0000     119.0000      85.0000       0.0000     296.0000
    119.0000       1.0000       1.0000       2.0000       1.0000      52.0000      47.0000      58.0000      66.0000     999.0000      80.0000       0.0000     156.0000      87.0000     103.0000     999.0000      83.0000       0.0000     259.0000
    120.0000       1.0000       1.0000       3.0000       1.0000      39.0000      50.0000      59.0000      63.0000      69.0000      78.0000       0.0000     274.0000      89.0000      94.0000     101.0000      85.0000       0.0000     295.0000
    121.0000       1.0000       0.0000       2.0000       1.0000      39.0000      47.0000      77.0000      83.0000      89.0000      77.0000       0.0000     227.0000      98.0000     101.0000     107.0000      99.0000       1.0000     291.0000
    122.0000       1.0000       1.0000       3.0000       1.0000      46.0000      51.0000      58.0000      73.0000     999.0000      76.0000       0.0000     235.0000      79.0000      92.0000     999.0000      88.0000       0.0000     267.0000
    123.0000       1.0000       1.0000       3.0000       1.0000      59.0000      47.0000      46.0000      63.0000      72.0000      74.0000       0.0000     210.0000      84.0000      89.0000      94.0000      82.0000       0.0000     260.0000
    124.0000       1.0000       1.0000       3.0000       1.0000      45.0000      51.0000      43.0000      61.0000      69.0000      75.4579     999.0000     258.3022      60.0000      78.0000      78.0000     999.0000     999.0000     999.0000
    125.0000       1.0000       1.0000       3.0000       1.0000      61.0000      59.0000      51.0000      68.0000      85.0000      63.9715     999.0000     218.0000      72.0000      89.0000     102.0000     999.0000     999.0000     100.0000
    126.0000       1.0000       0.0000       3.0000       1.0000      54.0000      63.0000      53.0000      52.6196     999.0000      63.0000       0.0000     176.1428      77.0000     999.0000     999.0000      69.0000       0.0000     999.0000
    127.0000       1.0000       0.0000       3.0000       1.0000      56.0000      61.0000      49.8973      56.0000     999.0000      62.0000       0.0000     100.0000     999.0000      85.0000     999.0000      67.0000       0.0000     117.0000
    128.0000       1.0000       0.0000       2.0000       1.0000      47.0000      61.0000      60.0000      53.0000      62.0000      54.0000       0.0000     100.0000      88.0000      97.0000      82.0000      55.0000       0.0000     142.0000
    129.0000       1.0000       0.0000       3.0000       1.0000      48.0000      45.0000      44.0000      50.0000      74.0000      51.0000       0.0000     100.0000      76.0000      81.0000     117.0000      82.0000       0.0000     204.0000
    130.0000       1.0000       1.0000       3.0000       1.0000      74.0000      88.0000      70.1263      43.0000      73.0000      50.0000       0.0000     122.1909     999.0000      89.0000     112.0000      55.0000       0.0000     999.0000
    131.0000       1.0000       1.0000       3.0000       1.0000      55.0000      63.0000      26.8912      20.0000      46.0000      31.1383     999.0000     145.0000     999.0000      88.0000      98.0000     999.0000     999.0000     100.0000
    132.0000       1.0000       0.0000       2.0000       1.0000      62.0000      63.0000      76.0000      83.0000     999.0000      84.0000       0.0000     283.0000     110.0000      87.0000     999.0000     101.0000       1.0000     262.0000
    133.0000       1.0000       1.0000       3.0000       1.0000      67.0000      61.0000      50.0000      67.3254      83.0000      64.0000       0.0000     233.0000      88.0000     999.0000     106.0000      80.0000       0.0000     222.0000
    134.0000       1.0000       0.0000       3.0000       1.0000      56.0000      61.0000      83.0000      85.0000     999.0000      63.7913     999.0000     208.8263      90.0000      89.0000     999.0000     999.0000     999.0000     999.0000
    135.0000       1.0000       0.0000       2.0000       1.0000      49.0000      51.0000      93.0000      97.0000     120.0000      91.0000       1.0000     229.0000     102.0000     112.0000     134.0000     102.0000       1.0000     246.0000
    136.0000       1.0000       0.0000       2.0000       1.0000      51.0000      49.0000      70.0000     101.0000     109.0000      92.5435     999.0000     369.0000     104.0000      94.0000     123.0000     999.0000     999.0000     401.0000
    137.0000       1.0000       1.0000       2.0000       1.0000      50.3578      43.0000     102.0000     119.0000     114.0000     101.0000       1.0000     336.8048      93.0000     114.0000     105.0000      84.0000       0.0000     999.0000
    138.0000       1.0000       1.0000       2.0000       1.0000      41.0000      35.0000      60.0000      87.0000      93.0000      82.0000       0.0000     254.8006      95.0000     103.0000     117.0000      92.0000       1.0000     999.0000
